nan
nan
nan
4574.0
2210.0
2109.0
3145.0
839.0
668.0
-15.0
-67.0
27.0
-24.0
0.0
0.0
7331.0
2775.0
4149.0
3337.0
2757.0
195.0
66.0
-166.0
139.0
-72.0
99.0
1161.0
4919.0
2729.0
1449.0
1641.0
2539.0
46.0
-17.0
-19.0
15.0
10.0
6.0
0.0
1474.0
2841.0
427.0
1214.0
922.0
128.0
36.0
7.0
90.0
nan
nan
nan
4574.0
2210.0
2109.0
3145.0
839.0
668.0
-15.0
-67.0
27.0
-24.0
0.0
0.0
7331.0
2775.0
4149.0
3337.0
2757.0
195.0
66.0
-166.0
139.0
-72.0
99.0
1161.0
4919.0
2729.0
1449.0
1641.0
2539.0
46.0
-17.0
-19.0
15.0
10.0
6.0
0.0
1474.0
2841.0
427.0
1214.0
922.0
128.0
36.0
7.0
90.0
