nan
nan
nan
592.0
933.0
8544.0
3697.0
2404.0
2238.0
30.0
296.0
29.0
-18.0
0.0
70.0
5929.0
4742.0
5217.0
6248.0
3064.0
362.0
31.0
13.0
233.0
42.0
252.0
3092.0
5124.0
928.0
2021.0
4816.0
1549.0
218.0
12.0
-80.0
28.0
0.0
30.0
560.0
29.0
4521.0
822.0
1263.0
1524.0
575.0
2.0
-31.0
146.0
nan
nan
nan
592.0
933.0
8544.0
3697.0
2404.0
2238.0
30.0
296.0
29.0
-18.0
0.0
70.0
5929.0
4742.0
5217.0
6248.0
3064.0
362.0
31.0
13.0
233.0
42.0
252.0
3092.0
5124.0
928.0
2021.0
4816.0
1549.0
218.0
12.0
-80.0
28.0
0.0
30.0
560.0
29.0
4521.0
822.0
1263.0
1524.0
575.0
2.0
-31.0
146.0
