nan
nan
nan
nan
nan
nan
nan
nan
nan
nan
nan
7910.0
11406.0
1805.0
2142.0
-72.0
-746.0
0.0
0.0
0.0
0.0
88.0
1036.0
5856.0
4181.0
3292.0
1214.0
1.0
0.0
2.0
0.0
0.0
-2.0
2.0
2283.0
10007.0
4098.0
0.0
135.0
7049.0
199.0
-564.0
51.0
10.0
0.0
0.0
418.0
2395.0
nan
nan
nan
nan
nan
nan
nan
nan
nan
nan
nan
7910.0
11406.0
1805.0
2142.0
-72.0
-746.0
0.0
0.0
0.0
0.0
88.0
1036.0
5856.0
4181.0
3292.0
1214.0
1.0
0.0
2.0
0.0
0.0
-2.0
2.0
2283.0
10007.0
4098.0
0.0
135.0
7049.0
199.0
-564.0
51.0
10.0
0.0
0.0
418.0
2395.0
