nan
nan
nan
nan
nan
nan
nan
nan
nan
nan
nan
1923.0
6541.0
1496.0
1953.0
32.0
-453.0
0.0
-272.0
0.0
0.0
23.0
1.0
2143.0
2001.0
3100.0
681.0
-50.0
0.0
2.0
1.0
0.0
-2.0
2.0
172.0
2151.0
3470.0
246.0
114.0
1072.0
47.0
-14.0
12.0
0.0
31.0
0.0
95.0
3682.0
nan
nan
nan
nan
nan
nan
nan
nan
nan
nan
nan
1923.0
6541.0
1496.0
1953.0
32.0
-453.0
0.0
-272.0
0.0
0.0
23.0
1.0
2143.0
2001.0
3100.0
681.0
-50.0
0.0
2.0
1.0
0.0
-2.0
2.0
172.0
2151.0
3470.0
246.0
114.0
1072.0
47.0
-14.0
12.0
0.0
31.0
0.0
95.0
3682.0
