8537.0 19786.0 8148.0 5206.0 
13000 24000 18000 10000 
122389.23271691691 225030.11044101743 172862.76651502578 101643.51882419513 
19608.713670000005 73183.99179000001 96523.20951000002 110565.04095000001 
445330.57961308316 1304768.4737689826 390732.3919749742 209560.73622580484 
8537.0 19786.0 8148.0 5206.0 
13000 24000 18000 10000 
122389.23271691691 225030.11044101743 172862.76651502578 101643.51882419513 
19608.713670000005 73183.99179000001 96523.20951000002 110565.04095000001 
445330.57961308316 1304768.4737689826 390732.3919749742 209560.73622580484 
