16681.0 58552.0 44003.0 33220.0 
69000 40000 40000 16000 
376027.3623812444 204454.31038090435 246196.6121361022 95799.09608241827 
26367.15627 122828.46302999998 194786.88411 257691.01995000002 
389585.99934875563 2548674.3625890957 1720355.8577538976 1520649.403967582 
16681.0 58552.0 44003.0 33220.0 
69000 40000 40000 16000 
376027.3623812444 204454.31038090435 246196.6121361022 95799.09608241827 
26367.15627 122828.46302999998 194786.88411 257691.01995000002 
389585.99934875563 2548674.3625890957 1720355.8577538976 1520649.403967582 
