7910.0 21515.0 20980.0 13791.0 
35000 20000 20000 7000 
202807.8788205901 115853.5271205087 115853.5271205087 43184.174050124995 
12503.0997 49023.58461 83334.81975 110296.95494999998 
160240.00147940996 891896.6582694913 831307.2931294914 624551.9269998751 
7910.0 21515.0 20980.0 13791.0 
35000 20000 20000 7000 
202807.8788205901 115853.5271205087 115853.5271205087 43184.174050124995 
12503.0997 49023.58461 83334.81975 110296.95494999998 
160240.00147940996 891896.6582694913 831307.2931294914 624551.9269998751 
