nan
nan
1776.0
9662.0
6820.0
11703.0
17209.0
4820.0
1935.0
87.0
-114.0
30.0
-2.0
58.0
348.0
20318.0
9484.0
17861.0
13097.0
10951.0
946.0
81.0
-82.0
1.0
-42.0
1209.0
1170.0
8719.0
6341.0
5057.0
6474.0
4586.0
493.0
16.0
-65.0
147.0
50.0
30.0
532.0
1667.0
6329.0
1453.0
2105.0
2698.0
511.0
68.0
33.0
234.0
nan
nan
1776.0
9662.0
6820.0
11703.0
17209.0
4820.0
1935.0
87.0
-114.0
30.0
-2.0
58.0
348.0
20318.0
9484.0
17861.0
13097.0
10951.0
946.0
81.0
-82.0
1.0
-42.0
1209.0
1170.0
8719.0
6341.0
5057.0
6474.0
4586.0
493.0
16.0
-65.0
147.0
50.0
30.0
532.0
1667.0
6329.0
1453.0
2105.0
2698.0
511.0
68.0
33.0
234.0
