nan
nan
0.0
766.0
2113.0
3470.0
1254.0
614.0
149.0
-24.0
177.0
18.0
6.0
0.0
0.0
4368.0
3640.0
6841.0
3244.0
1384.0
336.0
42.0
-77.0
2.0
0.0
0.0
10.0
4104.0
902.0
1726.0
538.0
1337.0
-505.0
16.0
15.0
5.0
10.0
6.0
0.0
247.0
1565.0
861.0
1370.0
721.0
325.0
31.0
30.0
40.0
nan
nan
0.0
766.0
2113.0
3470.0
1254.0
614.0
149.0
-24.0
177.0
18.0
6.0
0.0
0.0
4368.0
3640.0
6841.0
3244.0
1384.0
336.0
42.0
-77.0
2.0
0.0
0.0
10.0
4104.0
902.0
1726.0
538.0
1337.0
-505.0
16.0
15.0
5.0
10.0
6.0
0.0
247.0
1565.0
861.0
1370.0
721.0
325.0
31.0
30.0
40.0
