nan
nan
48.0
349.0
1148.0
277.0
831.0
1030.0
223.0
1.0
432.0
12.0
18.0
9.0
25.0
3719.0
2084.0
2028.0
3014.0
760.0
460.0
46.0
0.0
0.0
11.0
258.0
957.0
684.0
735.0
834.0
2273.0
257.0
198.0
486.0
2.0
18.0
20.0
18.0
15.0
670.0
749.0
28.0
658.0
387.0
92.0
5.0
-11.0
436.0
nan
nan
48.0
349.0
1148.0
277.0
831.0
1030.0
223.0
1.0
432.0
12.0
18.0
9.0
25.0
3719.0
2084.0
2028.0
3014.0
760.0
460.0
46.0
0.0
0.0
11.0
258.0
957.0
684.0
735.0
834.0
2273.0
257.0
198.0
486.0
2.0
18.0
20.0
18.0
15.0
670.0
749.0
28.0
658.0
387.0
92.0
5.0
-11.0
436.0
