nan
nan
nan
nan
nan
nan
nan
nan
nan
nan
2506.0
14175.0
32228.0
6529.0
3702.0
-11.0
26.0
0.0
-425.0
0.0
120.0
79.0
998.0
15306.0
18305.0
5152.0
921.0
1490.0
0.0
12.0
47.0
0.0
-1.0
79.0
5939.0
12059.0
19502.0
8.0
662.0
4587.0
398.0
-269.0
23.0
0.0
22.0
0.0
-2.0
8289.0
nan
nan
nan
nan
nan
nan
nan
nan
nan
nan
2506.0
14175.0
32228.0
6529.0
3702.0
-11.0
26.0
0.0
-425.0
0.0
120.0
79.0
998.0
15306.0
18305.0
5152.0
921.0
1490.0
0.0
12.0
47.0
0.0
-1.0
79.0
5939.0
12059.0
19502.0
8.0
662.0
4587.0
398.0
-269.0
23.0
0.0
22.0
0.0
-2.0
8289.0
