nan
nan
nan
nan
nan
nan
nan
nan
nan
nan
nan
10260.0
9711.0
1144.0
558.0
557.0
-303.0
0.0
0.0
0.0
0.0
50.0
102.0
7579.0
7707.0
1707.0
118.0
1306.0
1.0
2.0
1.0
0.0
-2.0
955.0
2702.0
3693.0
4735.0
5.0
546.0
5067.0
307.0
-53.0
0.0
0.0
0.0
0.0
5.0
2054.0
nan
nan
nan
nan
nan
nan
nan
nan
nan
nan
nan
10260.0
9711.0
1144.0
558.0
557.0
-303.0
0.0
0.0
0.0
0.0
50.0
102.0
7579.0
7707.0
1707.0
118.0
1306.0
1.0
2.0
1.0
0.0
-2.0
955.0
2702.0
3693.0
4735.0
5.0
546.0
5067.0
307.0
-53.0
0.0
0.0
0.0
0.0
5.0
2054.0
